1128470601518
2882
46862
61704
63128
64118
65276
68093
68826
74889
75589
76296
92975
814
176000101
6432
9387
36495
4508
7167
7263
110055000034
116053500058
116053500061
119059900017
119094000006
119094100067
14929180101
2024280514
206010900187
206010900258
206010900303
206013100133
206013600033
206015000087
206051000572
206051000574
206053200506
206053201338
206054000118
206054100386
206054200022
206055000120
206056600374
206056600375
206056600376
206057700053
206059900545
206090900209
206091600005
206092700086
206092800264
206092800449
206093200409
206093200442
206093600069
206093600083
206094000079
206094100035
206094100143
206094100296
206094100368
206094100494
206094200260
206094200273
206094200322
206094200357
206095000124
206096600100
206099900390
206099900521
206099900526
209011000154
209013100016
209013100022
209015000019
209053200414
209053400088
209054200491
209054200562
209056600054
209059900548
209059900550
209093200134
209094100167
209094100193
209099900249
210052800252
210054100298
210054100301
210054200135
210055000061
210059900246
210095000130
210096600023
210099900017
216094100020
219010900014
2264160600000
2277570600000
233921
234051
2340530600000
234089
2343980900000
2344240900000
2375360601500
2375930601500
2376910600000
2379490200000
03BRAG212
03BRFO176
03BRFO268
406019900564
506019900596
506019900726
506059900185
506093600006
506094100099
5062200600018
609053500012
609094200022
7038100
809059900019
9028430200045
09BRFO118
09BRFO156
102513
102938
12ARFO85
13BRAG10
154350000101
154398000101
154412000100
154470000116
154620000100
17CRFO34
18258
1900154
190025050
190025593
190039057
190058171
19129
19136
19209
19226
19231
19245
1984700
19975
20011918
20054182
20058555
20059507
20060909
205006
205162
208022031
2512205
2806017700068
2906019900057
2906019900116
29921360601500
30013971
30057531
3006010900131
3006013300066
3006019900263
3006050300042
3006051200046
3006057700022
30060845
3006092700190
3006093600034
3006094000048
3006094100114
3006094100195
3006094100211
3006097700096
3006098500031
3009013100013
3009052700006
3009092700097
3009093600042
3009094100051
3009094200209
30126420600000
30141760600000
30158530600050
3016973
35BRFO42
3714704
3845
40027074
40057446
4058504
40926
40972
4100504
4248504
4278404
4279004
4279404
4279504
4281804
4283704
42BRRB08
42CRFO148
43CRFO164
4454204
4564704
45ARFO118
75357
76875
77551
78314
78335
79000
7922
79366
80609
80611
80614
85726
994325
994393
994406
AN01050095
AN3180
AN4273
ANCR67
AZU00001
B00720
B10544
BC1778L
BC6014
BC6041
BC6045
BEO00457
BFV01015
BR0016
BR01040172
BR01040488
BR01050244
BR03718
BR04013
BR04105
BR0461
BR100.D
BR11138
BR1119
BR11927
BR14251
BR15484
BR16720
CL8467
CL8548
CL8747
CL8804
CL8919
CL9084
CL9232
CL9337
CL9342
CL9402
CL9540
CO5070
CO5231
CO5650
CO5651
CO5721
EB152
EKBRI589
EKCOL222
EKCOL779
JHF10716
K20146
KIT-0057
LCHANNELL
NC033
PG090.D
PL-025
PL7322
PU01040260
PU03030203
TP28
TP55
TZ2023
VER00002
VER45633
VER51196
VER52078
VER52086
VER54395
VER54825
VER55369
VER55421
VER55569
VER58838
XB708


65
814
1014
3006
4387
6146
9905
9967
10146
13228
13836
14372
15882
16441
21951
40097
44394
44462
47678
48071
50953
51984
52614
55106
55682
59542
59543
60541
61148
61695
61722
63903
63908
64855
65306
65344
65351
65375
67142
69808
69841
70515
73526
75339
79112
88824
93613
216804
222983
230019
234015
235259
563424
565796
703962
709814
710092
710190
711394
712015
712841
712945
713072
4686004
4704704
4705004
4719204
7459700
20010058
15448450103
15716420182
15741600100
15781180101
106010200027
106010200029
106013400014
106014000008
106014900002
106016600050
106016600056
106019900027
106019900076
106019900134
106019900145
106050200194
106050200218
106052700038
106052800186
106053500298
106053500324
106053500353
106053500366
106053500377
106053500393
106053500401
106053500443
106053500445
106053500455
106054100244
106059900275
106059900322
106059900342
106059900353
106090900015
106092700075
106092800008
106092800028
106092800061
106093500017
106093600049
106093600073
106094000056
106094100075
106094100197
106094100200
106094100219
106094100240
106094100313
106094100318
106094100319
106095000073
106095000079
106099900032
106099900261
106099900270
109052800155
109052800159
109053500177
109054100108
109054100181
109054200006
109054200122
109054200147
109055000136
109056600141
109092700064
109092800106
109092800125
109094100120
109094200124
109094200125
109094200133
109098500110
109098500130
110052800052
116050200029
116050200033
116092800007
116094100063
119012700048
119094100003
119094100016
201012700001
206010900242
206010900323
206011000540
206011001036
206011001051
206011001230
206011001258
206011001265
206011001301
206011001346
206012800225
206012800228
206012800232
206013100003
206013200232
206013200872
206013200949
206013200953
206013201023
206013201083
206014000023
206095000104
206095000143
206095000167
206095000168
206095000185
206095000189
206095000190
206096600167
206096600261
206098500033
206098500105
206098500113
206099900113
206099900413
206099900540
209011000144
209013200139
209013200161
209050900179
209050900217
209053200252
209053200426
209054000067
209054000129
209054100147
209054200522
209054200559
209055000194
209056600300
209058500027
209058500030
209059900225
209059900226
209059900239
209090900078
209092800239
209092800272
209092800274
209093600089
209094100128
209094100170
209094200216
209094200322
209094200323
206014000053
206014100375
206019900462
206051000571
206051000663
206052700180
206052800232
206053200411
206053201023
206053201619
206054100366
206054100412
206054100413
206054200057
206056600315
206056600321
206056600415
206058300019
206059900204
206059900435
206059900441
206059900489
206059900508
206059900606
206059900607
206090900078
206091600005
206092700153
206092700158
206092700181
206092800166
206092800362
206093200004
206093200436
206093600109
206094100377
206094100399
206094100465
206094100477
206094200187
206094200235
206094200271
206094200272
206094200275
1171050901020
1171470601514
1171470601518
1173550600016
1173650600014
2036930601500
2079270607500
2113760600000
2126240601500
2126250901500
2136620905000
2136620905300
2156260601500
2157770700100
2158020700100
2161550606600
2172010901500
2177161901500
2185280600000
2185670600000
2187360601500
2200010900000
2203730600000
2203730900000
2203860603900
2203860605300
2212250601600
2226180601500
2226200600000
2230180900000
2239600600100
2244200901500
2245760600000
2252740600000
2255480901500
2257550601500
2258290600000
2267590901500
2267840601500
2268220601500
2274220901500
2274480600000
2275130600100
2276460601500
2280770601500
2282160601600
2284130905000
2284130905300
2289590601500
2291850600000
2293180600000
2295720601500
2300430601500
2301330600000
2304460601500
2308170600000
2308170900000
2320130900000
2322820600000
2322970601500
2323620600000
2323780900000
2324390605600
2324390606600
2326820900000
2327200600000
2328620600000
2330080905300
2330890900000
2331280905000
2331420901000
2331420905000
2331420905300
2333800601000
2333800603900
2334050700100
2336480601500
2340590600000
2341050600000
2341950601500
2344670600000
2344710600000
2345080600000
2345110600000
2345640600100
2346030600000
2346430611200
2346430611200
2346430611200
2346430611200
2346430611200
2350840900000
2351500600000
2352570600000
2354060600000
2355550600000
2356290901600
2356510905000
2356510905300
2360650600000
2361280901500
2361740601500
2361970600000
2362040600000
2362040900000
2362390600000
2362780611200
2363150600000
2363670600000
2363680600000
2363690600000
2364330601500
2365300600000
2367020600000
2367330604000
2367330605100
2368160603900
2368170603900
2369360600000
2370400601600
2370550601500
2371570601500
2371630600000
2372840601500
2373140601500
2373180601600
2373210601600
2373220601600
2373240601600
2373290600000
2373300600000
2373380601500
2373540601600
2373660601500
2373680601500
2373860601500
2373900600000
2374250601600
2374260601600
2374520601500
2374540601500
2374560601500
2374860601500
2375020601500
2375180600000
2375180900000
2376410600000
2376470600000
2376640600000
2376680601500
2376960900000
2377000900000
2377121601500
2377130600000
2377150600000
2377181601500
2377191601500
2377210600000
2377291601500
2377311601500
2377400600000
2377410600000
2377420600000
2377430600000
2377470601500
2377560600000
2377960600000
2378250603000
2378621601500
2378671601500
2378790600000
2378910600000
2378920600000
2379480600000
2379591601500
60BRAG111
60BRCAG05
BRO
BR18900
BR2090
BR3175
BR4177
BR4344
BR4388
BR4429
BR4460
BR4543
BR485
BR5114
BR5535
BR5968
BR6177
BR6706
1021490600014
1021490900014
1039670601516
1039670601518
1039670601522
1078390600014
1078390600016
1078390600022
1089940601514
1089940601516
1089940601518
1089940601520
1105520600120
1110870601516
1110870601518
1110870601520
1112060601516
1112461601514
1120690601518
1124540601516
1128470601514
1128470601516
1140000600014
1140000900020
1144610601518
1153270905016
1158100600000
1159640601514
1160880600000
1163320601514
1163870600016
1164130600016
1165650603914
1165650603918
1165660603918
1167610905314
1167610905318
1167660600018
1168020601618
1169130600018
1169360600020
1169471601514
1169491601516
1169491601518
1169541601516
1169551601518
1170260600018
1170260600020
1170410600018
1170420600020
1170450600018
209094200363
209095000055
209095000140
209095600013
209096600069
209098500048
209099900064
209099900256
210052800258
210053200268
210054200374
210058300010
210092800175
210094200199
216050900002
216053200085
219010100002
219010900016
219012700004
219012800032
219014100036
219054000006
219090100002
219092700043
219094000005
219094100072
506019900602
506019900658
506019900693
506057700080
506099900144
509092700023
509094200023
509095000044
606010200018
806093300012
9022290601545
9026240601545
9028300600045
9028510605645
9028560605045
9028580601045
9028580604145
9028780600845

BRO
BR6897
BR6911
BR7058
BR7437
BR7525
BR7747
BR7843
BR7908
BR7928
BR8049
BR8053
BR8292
BRCR221
BRCR256
BRCR427
BRCR599
BRD1009
CL-054
CL-058
CL01243
CL04106
CL2390
CL4400
CL4545
CL5648
CL7927
CL8082
2380510600000
2380710901500
2380850600000
2381080905000
2381960901500
2382130900000
2382530900000
2382550600000
2382640601600
2382665400000
2382890600000
2382890900000
2382910900000
2382920900000
2382980900000
2383260600000
2383290601500
2383660600000
2384660600000
2384840600000
2385120600000
2385570600000
2385570900000
2386560601500
2388180600000
2388280601600
2388410601500
2388420601600
2388450606800
2388590600000
2388940900000
2389160606800
2389160610300
5016510600000
5061600600020
5061600900020
5065440601618
5086320600018
5093461600000
5095270600021
5100111900018
5101101901518
5101320600021
5103330610321
5609999900002
7003420600022
BR0